5 6 5 5 6 5 5 6 5 5 6 5 5 6 5 5 6 5 5 6 5 5 6 5 6 5 5 6 5 5 6 5 5 6 5 6 
6 5 7 14 14 14 14 14 14 14 14 14 14 14 14 14 14 14 14 14 14 14 14 14 14 14 14 14 14 14 14 14 14 14 14 14 
5 6 13 1 4 1 4 1 4 1 4 3 3 3 3 4 1 4 1 4 1 4 1 4 1 4 1 4 1 4 1 4 1 4 1 4 1 
6 5 13 4 1 4 1 4 1 4 1 3 3 3 33 34 4 1 4 1 4 1 4 1 4 1 4 1 4 1 4 1 4 4
5 6 13 1 4 1 4 1 4 1 4 3 3 33 43 43 34 4 1 4 1 4 1 4 1 4 1 4 1 4 33 34 4 1 
6 5 13 4 1 4 1 4 1 4 1 3 35 43 22 26 43 36 4 1 4 1 4 1 4 1 4 1 4 33 43 43 34 1
5 6 8 11 11 17 3 1 4 1 4 3 31 22 24 28 45 32 1 4 1 4 1 4 1 4 1 4 35 43 22 26 43 36 
6 5 6 7 9 13 3 4 1 4 1 3 29 44 23 25 27 30 4 1 4 1 4 1 4 1 4 1 31 22 24 28 45 32
5 6 5 8 10 13 3 1 4 1 4 3 1 37 39 41 38 4 1 4 1 4 1 4 1 4 1 1 29 44 23 25 27 30
6 5 7 9 5 13 3 4 1 4 1 3 4 37 40 42 38 1 4 1 4 1 18 11 11 17 4 4 1 37 39 41 38 4
5 6 8 10 5 13 3 1 4 1 4 3 1 4 1 4 1 4 1 4 1 18 10 6 5 8 17 1 4 37 40 42 38 1 
6 5 6 5 6 13 3 4 1 4 1 3 4 1 4 1 4 1 4 1 4 12 6 5 6 5 13 4 1 4 1 4 1 4 
6 5 6 5 5 13 3 1 4 1 4 3 1 4 19 19 1 4 1 4 1 12 5 6 5 6 13 1 4 1 4 1 4 1 
5 6 5 6 6 13 3 4 1 4 1 3 4 1 19 19 4 1 4 1 4 16 9 5 6 7 15 4 1 4 4 1 4 1 
6 5 6 5 5 13 3 1 4 1 4 3 1 4 19 1 4 1 4 1 3 16 14 14 15 1 4 33 34 1 4 1 4 
5 6 5 6 6 13 3 4 1 4 1 3 4 1 19 19 4 1 4 1 4 1 4 1 4 1 4 33 43 43 34 1 4 1
6 5 6 5 5 13 3 1 4 1 4 3 1 4 19 19 1 4 1 4 1 4 1 4 1 4 35 43 22 26 43 36 1 4
5 6 5 6 6 13 3 4 1 4 1 3 4 1 19 19 4 1 4 1 4 1 4 1 4 1 31 22 24 28 45 32 4 1 
6 5 6 5 5 13 3 1 4 1 4 3 1 4 19 19 1 4 1 4 1 4 1 4 1 4 29 44 23 25 27 30 1 4 
5 6 5 6 6 13 3 4 1 4 1 3 4 1 19 19 4 1 4 1 4 1 4 1 4 1 4 37 39 41 38 4 4 1 
6 5 6 5 5 13 3 1 2 1 4 3 1 4 19 19 1 4 1 4 1 4 1 4 1 4 1 37 40 42 38 1 1 4
5 6 5 6 6 13 3 2 4 2 1 4 19 19 19 19 19 19 4 1 3 3 3 3 4 1 1 4 1 4 1 4 1 4 
6 5 6 5 5 13 3 1 2 1 4 3 1 4 1 4 1 4 1 3 3 3 3 3 1 4 4 1 4 1 4 1 4 1 
5 6 5 6 6 13 3 3 3 3 3 3 3 3 3 3 3 3 3 3 3 3 3 3 4 1 1 4 1 4 1 4 1 4 
6 5 6 5 5 8 11 11 11 11 11 11 11 11 11 11 11 11 11 11 11 11 11 11 11 11 
5 6 5 6 5
6 5 6 5 6
5 6 5 6 5 
6 5 6 5 6
5 6 5 6 5